3,5740
4,4087
11,6536
1536,2811
16,6315
20,559
23,700
24,3495
31,5148
6508,6835
32,1111
35,6224
1883,6428
36,2447
39,4444
2195,4696
52,5931
55,5404
59,6656
60,507
67,5512
75,2732
80,6367
88,4347
91,824
96,899
100,6867
108,4639
112,6103
115,3784
120,2403
124,4691
127,2944
128,5379
131,4100
4788,6027
143,4196
144,3063
2832,5911
147,1400
928,1163
204,1167
163,5352
167,968
171,3688
172,4191
175,4904
176,1083
179,2928
180,5179
48,183
184,4715
3527,6056
191,3240
192,2779
195,1552
200,1103
5552,6355
207,1808
208,987
211,1328
212,6807
219,5556
220,2107
223,6196
231,2044
236,5071
239,5092
240,4039
243,2444
247,5952
248,479
251,6136
252,2439
259,596
263,1388
264,4027
268,2431
271,5400
272,3867
275,788
3435,5604
279,5900
280,2559
283,692
287,300
291,792
303,4700
3759,5508
315,6892
316,943
2352,6415
320,2187
324,3835
327,4004
1955,2764
335,2524
336,5255
339,5360
340,1691
343,6592
344,759
2015,4508
351,1604
356,3847
360,4963
363,668
364,6627
368,2879
372,2719
380,1059
383,2740
1203,4140
387,5224
388,3219
396,4555
399,3836
400,6107
404,563
3268,3559
411,5452
415,936
1980,2367
6780,6899
419,3112
267,420
423,2880
428,2899
431,4016
444,4927
448,2691
451,5364
452,4671
1360,2371
455,6852
456,1639
459,5612
460,3383
463,4952
467,2244
475,1924
480,5435
483,6740
484,1515
487,2316
5840,6619
495,6884
499,1008
500,6883
511,1692
512,1227
515,5428
516,3735
520,3863
523,564
527,4756
43,532
1879,4064
535,4540
536,1283
547,6016
555,996
560,3023
567,3424
579,6776
587,4640
591,932
592,3987
595,5828
600,1207
603,5244
2975,5916
3703,3824
3720,6943
607,5100
608,827
132,615
624,1175
627,2456
628,2983
631,3104
639,1084
640,2399
643,1336
1308,4035
648,5991
652,1707
656,2815
659,5296
660,3947
664,7055
667,6556
672,5587
675,4620
676,4179
1251,6296
683,5304
708,5043
711,2332
492,719
723,3788
724,2407
727,1472
728,3995
731,3872
736,5419
743,6404
744,3631
748,6475
752,4755
755,3432
1055,6020
760,1775
776,6059
779,2212
783,6032
795,2248
796,3743
799,4512
807,5860
808,4115
811,1504
812,6091
815,3760
828,5483
831,5652
832,6679
835,4076
836,1607
1747,4824
852,1555
855,956
856,2887
859,4556
867,2436
872,5155
875,3936
888,6787
892,3823
895,3672
896,3575
900,5451
907,1888
908,3747
912,4383
919,5968
920,3427
923,6284
924,1523
927,3692
3412,6191
952,2375
955,4148
2916,6055
971,4668
6736,6947
980,2919
984,5007
647,988
995,1804
1003,3084
1004,4479
1007,4128
2791,3676
1015,1392
1016,1427
1020,2947
1023,2632
1027,4624
5467,6956
1040,1791
1044,5787
1047,2088
2183,5812
1052,2799
1056,3731
6072,7091
1063,3000
1064,1415
1076,1859
1080,5987
1087,1236
1088,3379
1096,4371
1099,6308
1104,5655
1107,2960
1115,4728
3715,6084
1119,5532
1127,2028
1140,4339
1143,4544
1144,3431
1147,1364
1155,5312
159,2744
1168,6467
1183,1584
1184,6783
1187,6544
1191,3096
1192,1391
367,1812
1200,5279
384,5331
1208,6743
1244,5827
1252,2327
1484,6207
1255,2696
1267,4816
1268,1451
1271,2924
1275,6600
1284,1815
1295,2376
1296,6531
1299,5256
1319,2904
1323,4316
1327,6716
3728,5851
1331,4872
1112,1431
1335,5460
1340,1995
1343,6280
1347,3820
1348,3695
6876,7123
1351,4240
1352,1855
1355,3384
1240,6611
3732,5979
1363,5188
1372,4943
1375,2340
1376,6931
1383,2372
1404,1643
1407,4456
1411,5132
1419,3448
1428,3771
1435,5580
1439,1844
1447,3540
1448,6275
1811,4880
5228,6691
1460,3275
1463,2652
1464,5423
1467,6344
1475,4192
1483,2420
1487,5276
1496,6651
972,1399
3939,4112
1512,3855
1519,3076
1520,1679
1524,3783
1527,5448
1528,5195
1532,4143
3871,6948
1547,2940
1560,5223
1563,6160
1567,2872
1568,4707
2623,4948
1576,2963
1579,2168
1580,3839
2703,5436
1587,5684
1591,3308
1595,3192
1599,4204
1600,4567
1603,4660
1611,5924
1615,4916
1628,2179
1632,3475
1644,6087
1647,3576
1648,3471
1655,2864
1656,4155
4203,5516
1667,3436
1668,3815
1684,6775
1687,6412
963,1688
1699,6756
2228,3399
1703,3892
2132,2599
1715,2432
1716,5027
1723,3960
1724,4799
1739,6252
1743,2608
3719,3772
1752,6079
1756,4123
1759,2304
1760,1947
1764,4015
1787,5796
1795,2728
2000,4991
1803,6484
1807,1996
1820,2595
1827,2516
1836,3463
1839,6744
1847,2852
2943,6116
4368,6163
3243,6220
1871,1972
311,3624
1876,6007
1880,5415
1887,2816
1896,6663
1899,4552
1903,5768
1907,6504
1915,3180
1916,3279
2359,2536
1928,3763
1936,4279
1940,4839
1943,3484
1944,4935
4572,6479
1959,6984
5104,5283
1967,6700
3664,6403
1971,3948
1979,4732
1983,2016
1984,5291
2004,7051
2007,3320
2019,3912
2020,2515
2031,5804
2032,6451
2035,2484
2036,2451
2060,6459
2063,6816
2064,5063
2067,5712
2079,3068
2095,4404
2096,2215
6320,7043
2116,5939
2676,5731
2120,6563
2123,4448
1316,2131
2148,5315
2151,5520
1051,2152
2163,4356
3879,4536
2175,6368
5056,5875
2184,4643
2192,7003
3884,4695
2223,3628
3404,5263
2243,6064
2251,6424
2256,5519
2260,6395
2275,6052
2295,6584
2299,2588
2300,6811
2303,3444
1840,2087
2308,4843
2027,7032
2320,3391
68,2323
2331,4272
2339,6168
2348,3775
5183,5808
2360,2391
416,4151
3295,6440
2387,5440
2408,5683
2415,4568
2416,4299
2424,4895
2075,4136
2440,4887
2443,5792
2636,3923
2452,7115
2455,4924
2463,3388
2464,3319
2472,6011
3928,5615
2480,3371
2495,3840
2499,2804
2503,7036
2504,5143
2523,5760
2528,3739
2535,2808
2555,4036
4851,5128
2567,3796
2603,5328
2604,6447
2615,4380
2616,3799
2639,7004
224,2655
2664,3607
2671,5152
1583,6808
2683,6848
2692,5555
2695,6836
2711,5748
2712,6911
2723,4072
1503,1904
2731,4032
2735,6336
2748,7011
2755,6900
2756,4003
2776,6343
5523,6360
2784,4275
2787,3488
2788,4711
2795,5292
2796,3691
2807,4652
5575,6048
2828,3615
2836,3127
2831,6392
2840,4287
2843,3344
531,2844
2847,3512
2859,3868
2867,5676
2871,4764
2888,6483
3491,5976
2931,3396
2936,5995
2939,4052
2948,3967
3864,4611
2956,4863
2980,3175
2903,4632
2996,5795
3004,3015
3007,5168
1384,3011
3199,4220
3019,6748
3020,4591
3031,6332
3596,4303
3047,4324
4071,5200
2364,3083
3091,5600
4655,5204
3103,7000
3108,5511
4307,4800
408,3115
3119,5260
3148,5983
3159,5912
3187,5576
839,5340
3211,6340
931,3212
3215,7104
3231,6564
3244,3927
3280,6159
3292,3363
4080,6387
3324,4747
3335,7056
3347,5068
3368,3687
4176,6471
3428,3647
3468,4467
3508,5627
3520,6075
583,6648
3567,4344
3579,4428
3591,4224
3595,4276
3599,3780
3612,6643
1535,3616
3619,6820
3620,4995
739,3052
3635,6188
3644,6071
3655,4856
3656,4727
3663,5184
1000,5563
5064,6247
1748,6615
2932,4515
3740,5651
3752,7007
3756,4979
3776,4455
3819,6944
3827,3996
3831,6896
3832,5623
3859,6060
3860,7067
4920,6435
3895,6596
3916,5707
3935,5324
635,6260
2680,4335
2967,4292
3991,4124
4012,6215
3040,6111
4067,4408
2987,6352
1963,4096
4099,4716
319,6436
3696,5687
4159,4780
4172,6583
4187,4584
6623,6832
4232,4523
4235,4296
4031,4244
2247,4328
4288,5351
4291,7108
1843,6144
4312,6771
4319,5160
2860,4351
4364,6559
4375,7120
891,7020
4387,6632
4411,4884
4439,4644
4331,4460
4464,5891
491,4468
4480,6123
4496,7075
4524,5747
4528,6019
6607,6676
2423,6968
4548,7107
4656,5815
4680,6147
4683,5876
4768,5243
3880,4771
4791,6132
4796,5411
4808,4987
4819,5832
4844,5067
4860,6647
3123,6004
1179,4932
4971,5824
3143,5468
1727,5012
5015,5472
2011,6812
5035,5272
5039,6588
5051,6000
5060,7119
5080,5739
5120,5271
2548,6803
1968,6799
2688,6727
5164,6491
5192,6731
5232,5863
2540,5251
5356,6135
5079,5376
5412,5927
432,5591
5484,6635
5496,6747
5535,7112
2448,6063
5647,6244
5648,6199
5671,5852
5723,5956
5724,6271
5727,5848
6480,6791
5771,6952
5772,6891
5776,6463
6863,7012
5872,5879
5899,5980
5907,6376
6012,6599
6015,6980
6023,7088
5619,6176
2736,6239
2659,6660
3087,4388
6755,6788
6843,7084
6972,7071
12,2176
44,4024
136,4104
160,6828
188,4888
244,5616
292,1792
304,6868
868,1872
3548,4516
424,6152
440,1564
476,2264
1608,6488
620,3856
772,2628
820,6464
848,6204
880,5996
944,7028
948,4472
1100,2476
1108,5888
1120,3956
1288,2580
1332,5992
3124,5704
1380,3560
1492,6996
2076,3128
2208,3524
1544,5288
1640,4736
1652,3844
1728,6680
3348,4200
4268,7072
308,3136
1892,2532
1900,3228
1948,5464
1960,3032
1964,4748
3276,5024
1556,2024
2400,4320
2052,4228
2068,3036
2180,5040
1436,2200
2204,3500
4436,5920
1516,2460
2252,5892
552,2700
2296,4260
4308,4760
2492,2508
2392,2520
2556,2952
2612,5196
3992,5136
2668,3152
3800,6104
3016,5208
2276,4864
3140,4876
3172,3668
4744,6916
3160,3272
3288,3440
3360,4084
3472,6184
3684,6408
604,5972
3232,5028
3744,7068
4144,4812
3792,4376
1356,3900
4108,5492
4168,6416
4188,4212
4432,6500
4628,5628
4848,6856
4956,5308
1624,5048
5212,5388
5240,6148
5268,5500
5396,5672
5456,7116
6124,7044
6192,6712
4852,6540
2992,6194
0,82
6,436
8,6926
104,4406
26,2972
28,6734
30,2284
40,2634
42,2128
56,5842
58,2792
1414,3504
86,6108
92,830
116,5030
118,4392
126,3564
130,6468
134,5880
138,5248
140,186
148,4554
150,2344
156,6346
162,5764
166,3968
168,3902
764,2322
178,3164
182,3920
196,2778
198,4256
6526,6604
214,2428
216,3586
228,4918
232,6530
250,1320
256,5982
284,3706
6624,6998
3542,4056
288,3438
302,2388
342,1848
312,5006
326,6664
330,5140
332,6778
358,3012
1198,5348
370,4676
374,2336
392,1402
430,6696
1214,1976
458,2572
466,6292
468,4466
482,1700
1190,6112
502,2820
506,1956
510,5564
538,1276
546,6400
568,2910
570,5784
582,2112
584,1590
590,1588
614,5548
616,2162
3842,6768
646,3904
650,6272
688,6118
704,5802
706,5392
710,5480
726,1072
732,1254
5844,6090
766,3332
770,2720
474,784
3630,6448
790,3392
1954,3632
802,4564
804,2026
810,4940
840,5678
846,4612
858,5544
882,1420
884,2586
902,2124
916,3230
940,1310
942,6724
946,2500
3150,7048
960,2262
976,6470
992,3034
5584,6062
1032,4270
1322,5052
1048,1170
1068,4374
1086,1212
1102,6864
1110,5112
1334,7008
1124,4390
1132,4202
1138,1740
1142,3568
1148,6042
1152,5402
1160,6298
2750,6092
1176,3606
1180,4938
1196,5262
4420,4630
3748,6102
1224,4482
1226,2496
1228,6242
1232,4930
1046,1264
1280,5554
1292,2086
1298,6396
1300,2974
1312,3818
1314,1444
1324,4798
1338,6236
1156,5974
1382,3764
1396,3058
1416,6498
1424,1482
1440,1598
1442,1828
3940,4338
1788,1850
1470,5960
1500,3566
1506,4008
1530,2584
1542,5732
1546,2856
1548,6922
1592,6986
1614,5540
1618,2812
1620,1658
1712,1918
2950,3492
1082,1732
3638,5756
3804,4418
1750,2156
2466,6608
1772,4578
1776,2822
1810,6872
1818,3556
4298,5044
1012,4382
1860,5366
1868,6254
4820,6870
1882,4300
1894,4484
3830,6752
1932,2314
1966,2564
1970,6156
1974,6024
1978,4636
2030,5420
2054,3300
2072,3138
2078,4488
2080,5898
2092,5046
2110,2892
2140,3338
2142,5124
2146,4792
2150,4704
2186,6792
2196,4334
2202,5416
2214,3964
2236,3874
2240,2858
2242,5780
2270,2544
4980,5078
2306,3304
2326,3248
2330,4412
2334,6384
2378,5424
2384,5834
2402,3336
2404,5738
612,2450
1664,6386
5122,7076
2552,6806
2558,4868
2566,6940
2568,5586
2596,3190
2618,3700
2656,5650
2662,5624
2666,2848
2682,3420
6210,6908
2722,6080
2738,5744
2754,6356
2760,5682
2794,4164
2800,4842
2814,5752
3452,5178
2958,6844
3202,3908
2978,6420
3322,4116
6076,6474
3048,5566
3090,6796
3098,3852
3572,5362
3146,5000
3156,4046
3258,3716
3270,5088
3286,5928
3290,3408
3302,5236
3334,4028
3376,6974
3380,3470
3462,5476
72,6050
5282,6208
3532,5354
286,632
3574,6628
3580,4150
3590,6992
3652,6782
3660,4990
3682,6028
3702,7064
1164,3714
3798,5656
4014,5820
3812,4910
3828,5918
2354,3044
3906,6388
3942,4092
3976,5538
3988,6642
4002,6688
6126,6804
4152,6074
2690,6636
4208,4942
4242,6040
4264,6858
5614,6180
4274,6300
4280,5798
4426,7052
4452,5890
4462,4752
4498,7080
4500,6962
4532,4698
6692,6750
4692,4702
276,6078
4740,5034
4828,6294
4850,5004
4926,7040
4936,6482
4968,6202
4974,6248
4992,5270
5010,5032
1116,5086
5130,6432
5264,5794
5390,5736
5454,6960
5488,5594
5284,6438
5700,6014
2640,5810
5902,6732
756,6214
6034,6096
4576,6654
6150,6568
1826,3352
2590,4520
6494,7024
1540,6730
15,4282
6211,7106
19,6682
22,4543
34,2803
47,1158
83,2834
102,4931
106,1031
107,4210
110,6855
114,751
119,3886
122,6047
123,1630
135,4634
234,4043
235,1066
242,5835
255,990
258,5387
294,1891
299,7054
306,5239
314,6359
322,2823
338,6991
366,2543
375,1906
379,410
395,6914
403,5274
406,1651
418,539
443,2882
446,3059
486,7063
498,1911
526,4111
542,6051
551,2574
554,843
571,5866
586,1491
611,4614
626,4967
5367,6178
1575,3602
638,7079
654,1315
655,4070
1250,2475
687,3762
699,854
2419,3614
730,5743
747,6554
754,4435
2406,2487
775,2114
806,3075
819,6234
851,1210
1754,5103
866,5543
874,5855
918,3563
939,4330
974,5319
879,986
999,5882
1010,4139
1019,2014
1026,4679
1030,4251
1042,3343
1070,6675
1071,6522
1074,1303
1134,2675
1151,3846
1194,5919
1199,5138
1231,6802
1238,5759
1311,2930
1342,6815
1386,4875
1406,6571
1471,6142
1422,5191
1387,2218
1455,3806
1459,5570
1479,5146
1507,2746
1514,4063
1878,7099
5110,6175
1534,1627
1538,6351
1559,5730
187,1626
3555,3786
1635,1846
1663,6218
5478,6187
1683,3926
1710,1819
3418,4775
1726,3483
1731,3522
2734,6339
1755,3042
1794,5967
3814,4199
1814,1999
1867,3350
1895,4198
1914,6975
1942,5187
4038,4951
1650,5059
1962,4487
1986,6723
2003,2290
5410,6847
346,4175
2023,6058
2034,4227
2043,2922
2051,3966
2082,3915
2090,4107
2099,4450
2106,5323
2111,4826
2119,3758
2047,2130
2139,5166
2166,3499
2210,5091
2211,3910
146,2239
2250,6399
2255,5926
5830,6127
2346,7083
490,2347
2370,4579
5450,6859
2398,3203
4803,5674
863,2410
2426,4859
2435,3482
2462,4451
2467,5414
2479,4114
2490,4835
2511,5782
2519,3582
2526,3643
2547,3722
2551,4590
2583,5090
2591,6174
1714,6391
2602,5839
2614,4131
2642,6115
1367,4174
3571,3958
2687,5098
2694,3651
2726,4223
2995,6334
5806,6707
2763,3778
2806,2895
2819,7122
2838,6895
2851,6546
606,2883
6851,6898
2886,4463
2894,6507
3634,5023
2923,6190
1247,2934
2951,4642
3022,4023
3026,3723
3035,3710
3051,5174
3062,3531
3107,6658
3151,5290
3238,7103
1242,3255
3259,5654
3278,4723
3339,5394
3351,5322
3375,6318
3914,5823
3458,6659
3467,4246
3474,3551
3547,5446
3650,4283
3679,5038
3699,4746
1890,5303
3742,5571
1666,2935
3790,6967
3795,6746
1730,6119
3838,4219
1994,3875
3878,5763
2155,3918
3919,6026
3950,4575
3975,4518
4006,5047
4007,7090
3155,6450
4051,6902
4078,4899
4098,6283
4102,5719
4194,4919
4119,4314
4127,5466
4130,5307
4142,6759
4146,6083
4158,5443
4166,5391
4167,5698
4171,6562
4195,4706
4215,4914
4271,4358
4278,4559
4310,6371
4318,6831
4395,6810
4419,6958
4267,4478
4494,6455
5014,6667
4502,4847
4627,5474
4699,5726
4726,4947
4738,4815
4782,6431
4855,5214
4870,6543
4894,6955
4915,6310
1539,5382
4962,6979
4994,6763
6134,6567
5106,5211
5142,6331
5254,5471
3198,6631
5326,5791
2002,5579
5338,5407
5355,5870
4583,5358
6827,7114
5567,5714
3539,6314
5630,5691
4507,5706
5710,6151
5778,5803
5859,6306
5862,6299
5871,6542
4666,5887
5947,6154
6035,6702
103,6618
6231,7070
6286,6347
6547,7046
6566,6903
4135,6990
2267,6638
1,2292
21,4960
49,6216
64,4949
73,4580
76,2625
84,2481
93,1508
17,3456
121,6140
164,6281
197,5380
249,3400
257,488
260,1229
281,6120
296,5329
1857,7016
352,793
4753,6708
409,6512
412,1897
4329,5964
5836,5965
457,5408
464,1773
469,5172
472,1825
485,740
489,3236
493,3088
504,5449
3581,5588
524,3401
544,5945
556,5345
561,2008
573,4592
580,1965
581,2600
1157,3544
6357,6932
636,709
657,2900
680,2229
712,2321
716,2605
733,4216
3625,4492
768,6305
780,4141
809,2884
864,1149
2201,3024
877,5180
893,2312
904,3285
953,4068
965,3680
989,5868
1017,1304
1036,1497
1037,5896
1049,2488
1128,2521
1165,6920
1169,1204
1173,3200
1260,5269
1272,3237
4060,5573
1333,4348
1345,3008
1357,6764
1408,3497
1441,4724
1453,1920
1456,1977
1457,4304
1468,1889
1476,3469
1488,6077
3736,4937
1565,6840
769,6612
1601,1988
1637,3640
1641,6088
1704,3789
553,5432
2997,4180
1744,5901
1768,2825
2768,3857
1452,1777
1780,3097
1796,4833
4061,5144
1800,1869
1864,5245
6225,6268
1952,6925
2056,5789
2061,6524
2101,5252
2220,5721
2245,4160
5908,6921
1852,2701
2272,3209
2297,6860
508,4049
2397,3356
2525,5216
2557,4664
4041,4672
2592,4761
2629,6672
2641,6348
3957,4708
2704,3777
2752,5853
2772,3925
2780,5389
2781,3608
3984,6245
2849,5336
1717,2876
4972,5413
2909,4236
2912,4621
2988,3025
3064,7069
3216,3557
3184,5509
3264,3633
2172,3293
3296,7117
405,3340
3357,6988
3372,3729
3377,5116
3464,5017
3476,6997
3480,4709
3708,6789
3516,6897
6861,7060
3373,6364
3569,5944
3653,5668
3724,5157
3753,5632
3768,4581
3837,4384
3861,5008
3888,4053
4912,6565
3917,5716
4892,6573
3965,6172
1909,3972
4029,5444
3269,4944
4133,5156
1961,5816
4201,4608
4248,4869
4305,6316
4337,7096
4281,4340
4561,6128
6312,7021
3009,4600
681,6380
4693,5316
4685,4900
4913,5688
2805,5940
4873,5332
2012,5481
3316,6577
4665,5608
5680,6265
5696,6061
4040,7029
5800,6001
5825,7124
2289,6928
6441,6560
6476,6777
6661,6728
10,6269
13,1654
14,1089
33,1990
37,1682
46,4213
53,4958
61,2626
62,425
65,1958
70,5045
78,1329
81,1126
94,5833
101,5398
113,4950
125,3862
4710,6429
133,6982
137,1294
3498,3757
142,5065
145,2506
926,4457
154,3841
181,5050
185,2654
189,6114
190,6621
194,2369
201,2098
202,6685
213,5434
217,238
229,5690
233,4602
237,1938
253,4718
261,6502
274,4265
278,2233
282,4145
290,545
334,6317
1993,5002
5786,5949
350,2213
354,1745
362,3953
373,5234
377,3490
386,3673
390,609
397,966
401,4178
413,1454
414,1941
421,1982
433,454
441,934
449,7030
2729,3746
465,6270
481,2386
2845,5986
494,4001
509,1390
901,3134
529,6942
541,4446
5657,6070
566,5325
569,5070
577,622
585,7066
597,3922
598,6793
621,2570
749,3110
665,1638
666,6033
682,4817
686,5557
689,2274
690,5261
697,3226
698,4377
725,4122
737,4370
738,3425
745,1934
746,3897
758,3509
762,1673
774,3173
781,5906
794,2157
798,825
805,5930
3685,6762
817,6030
826,1821
2494,6993
845,4010
853,4422
857,4190
869,5814
878,5969
881,6706
885,3454
889,6222
890,5649
898,1085
914,2009
917,4230
921,3038
929,7002
933,2006
937,1622
938,5569
941,6442
945,6246
949,6890
1002,2345
1009,6326
1018,4661
1481,6010
206,1041
1045,6954
1053,2938
1058,6465
1062,5033
1097,2246
1106,5185
1114,6477
1146,6045
3057,6094
1161,5406
1162,6741
1166,5729
1178,5193
1186,6385
1781,6994
1233,6170
1234,4005
1778,6109
1246,2021
1265,6358
1266,5857
1277,4182
2293,5942
1301,6794
1306,6933
1330,4465
1341,3362
1346,1401
1353,7062
1369,4342
1370,2501
2089,3738
1394,2225
1409,1646
1418,4025
1425,6466
1429,2310
1434,5725
173,3982
2550,3769
1465,2394
1477,3158
1478,3453
1486,1809
1490,3713
2053,4818
1501,1866
2121,6082
1529,4254
1549,4090
1562,6041
1569,3086
1577,5202
1593,4586
1594,6633
1621,6250
4809,6894
6629,7094
2862,6189
1678,6969
1686,4593
1694,1789
1697,3254
1701,4694
4366,4973
1709,5946
1721,2182
1725,3870
1737,3386
1742,6405
3726,4981
1762,3577
1770,6237
1774,4853
1785,5298
6594,7093
1805,5510
4218,5069
1837,6038
1838,5189
1842,4793
1845,6138
3314,4349
4490,6081
1898,7001
1910,5273
1921,4674
5361,7006
1945,4094
1946,2529
1498,5581
2010,4605
2017,3646
2022,2069
2029,4474
2033,5854
2037,5666
2038,2085
2042,5421
1566,2049
2057,3218
2062,5765
2077,2798
2578,2669
2117,6166
2126,6073
2129,5210
2145,3342
2149,5158
2161,3486
221,2170
2181,6350
2217,4582
2222,4289
4421,6278
2234,3313
1657,2238
2253,5162
2254,4449
2273,3410
2277,6906
174,4057
2349,6186
3670,6657
2357,2730
2361,5598
2362,2381
2422,6677
2474,3181
2477,6698
2485,3050
2489,3298
2513,5246
2538,6025
2542,5685
2554,6445
3930,6937
2582,6525
2622,4641
5577,6430
2638,6129
5141,6838
2661,5530
2665,5494
2677,5182
2705,6930
2721,2954
1862,6853
2758,3969
2821,4886
1902,2833
678,2857
2901,5486
3997,5766
2982,5153
2990,5881
2998,3005
3002,7081
3017,6274
4022,5513
3065,3494
3070,4933
818,1877
4921,5934
3182,6869
4137,5438
3457,5258
4434,5289
3225,3826
3234,3661
3249,5686
3261,3406
3262,6837
1550,3277
3349,5754
2153,4750
1509,3370
3417,6678
6481,6686
2497,3430
3434,6221
3449,3894
3473,5094
3481,6910
3489,6354
2137,3502
3518,4113
4705,5542
3585,4386
3598,5109
3629,6362
3674,5665
3681,3978
3737,5442
3754,4861
3765,4086
3793,5894
3845,6206
3850,4713
3881,6882
3905,6534
2962,4589
3962,5393
3970,7053
3986,4757
205,3990
4013,5702
4018,6873
4033,4854
2285,4062
4065,5242
4074,5793
4085,4262
3573,5914
4121,5550
4126,6321
2993,4470
662,4557
4173,5582
4181,6478
2442,4189
4209,5190
4245,4454
3085,4250
4253,6290
4285,4486
4365,4682
4378,5321
4381,5250
6582,6605
4417,5758
4538,5061
4569,5490
4625,6518
5781,6402
4654,5849
5850,6697
4714,6917
4762,6329
4766,5077
3321,4770
1985,6918
4841,6458
4857,4890
4898,7101
4909,6054
4969,5938
5018,6185
5053,6634
5058,6193
5170,6857
3294,5301
3189,6406
5318,6705
5333,5886
5349,5386
4681,5370
5422,6413
5461,6338
5485,6238
5562,6689
2545,5746
5709,6874
5801,7078
2606,5813
5846,6609
5874,7013
5877,6302
5941,6578
6753,6774
6101,6666
3266,6569
6217,6946
6394,6461
5817,6590
5689,6602
9,6121
41,5377
45,301
69,3465
85,417
89,4301
105,3613
117,7105
129,1473
149,4597
153,2989
157,5293
161,1925
165,3389
177,6397
241,2633
265,5909
273,5161
4737,5829
277,6165
593,4741
309,1969
321,1645
345,2793
353,3813
365,4725
2645,6069
501,3437
565,4425
601,3421
2209,6745
637,669
705,5757
713,7113
721,1793
753,4081
837,3893
1321,5621
897,2809
925,6541
961,1197
997,6809
673,1013
1029,2365
1033,6681
1101,2537
1121,3041
1125,2333
1185,5101
1213,2733
1221,6169
1829,2429
677,4469
1253,6529
1273,1449
1317,4153
1397,2189
2893,6145
1433,5197
1537,6501
1541,5057
1957,3773
1553,5049
2505,2905
1557,3493
2673,6497
1585,6373
1613,6213
1649,6053
1661,5337
1713,5417
1765,5397
1797,3385
1833,4261
1861,2945
1813,4585
1901,4393
1949,6113
1469,3721
1981,5749
2001,5453
2005,3033
2041,7125
2125,6941
2169,3749
2173,4409
2197,4533
2269,7109
2281,5105
2389,4185
2409,5469
2425,4917
2465,2573
4897,6521
5125,5165
1349,2553
2565,6513
2597,5313
2653,6065
2685,5937
4689,5145
2773,3317
2785,3745
2789,5589
2813,5465
1177,2817
2841,5973
2869,5029
2881,5777
2957,3801
3821,3937
3013,5025
3089,5353
3137,5521
3145,6909
1769,3169
3177,5041
3305,4097
3397,4225
3645,5309
3409,4649
3485,5369
4109,5537
1417,3601
3689,5645
1189,7065
2913,3725
3761,6821
3797,6877
3829,6489
3833,4509
2165,4493
2205,6409
3921,6205
3961,4197
3989,4925
4073,5957
4089,6797
1005,4093
4101,4989
4193,6889
4105,5497
2689,4233
4429,5925
4237,6377
4445,5085
4481,5213
4601,4929
4629,7077
4717,6433
3109,5117
4825,4877
4849,6533
4961,5457
2257,5873
5177,5629
5241,7025
5265,6717
7045,7057
5385,6353
5661,6985
5773,6141
5785,6829
5841,6009
5913,6057
1997,6089
6293,6845
6653,6885
6737,7033
218,394
574,4530
862,1354
2478,6798
1034,4598
1094,5350
1374,4026
1410,3782
1558,1758
1926,2158
1702,6606
1822,5126
1586,1922
2066,6558
850,2266
2482,4922
2902,3246
2986,7022
3018,5590
4110,6418
2994,5430
3382,5330
4398,4458
1270,1874
4846,5342
5218,5790
994,5266
5302,7074
5574,7110
5610,5818
5722,6422
7,1339
27,155
51,5151
95,763
99,6419
1011,6935
407,1259
803,4547
847,3811
1091,5595
1123,6555
3611,3707
4631,6295
447,2483
1287,4183
1659,3403
1695,3251
1771,6131
5703,6363
2055,3451
1495,4891
2091,6067
2227,4767
2319,3439
2395,3931
2563,6819
2663,4423
2727,6095
2759,5259
2775,4595
3043,4091
3227,5479
71,4663
3507,6263
1987,5831
3959,4623
4083,6715
4475,5667
4527,6303
4703,4731
735,823
1035,5343
5659,6579
5999,6379
6219,7015
5215,6595
111,4497
215,6389
285,1831
437,4983
439,1533
641,5207
701,5639
883,6841
911,2865
151,2941
935,4477
957,6591
959,5797
967,3709
985,4295
1079,2341
1081,1395
1133,2507
1171,5225
1215,6553
1239,3061
1371,4017
1617,4519
1633,4823
3239,6365
3803,5365
1933,4315
5013,5527
789,3315
2147,5173
2159,6765
3561,6575
2279,3325
1485,4867
2315,3193
2577,6099
2693,3407
2745,6323
2977,3971
2959,6209
2925,3055
2953,5395
2999,3141
5299,7037
3067,3589
3161,5715
3185,4211
3217,5599
3257,4647
4565,5119
3369,4443
3419,5613
3549,6167
3671,5809
3711,4513
2073,3955
4177,5915
4205,4959
2561,4247
3545,5075
4617,4871
4743,5073
4363,5253
5229,5903
3079,5601
4483,5533
2667,5897
6319,6953
6341,6959
